[[0.12842526952293948, [[2.036313675023811], [1.3337965522129316], [-0.20970421734145117], [2.0037240493889157]], [[0.25863093929012493, 0.018098975635720382, 0.00456843952479874, -0.023611482679920748], [0.018098975635720382, 0.15156458950465734, 0.02961398115782843, -0.05217220464589856], [0.00456843952479874, 0.02961398115782843, 0.18720717072307885, -0.045766459886199706], [-0.023611482679920748, -0.05217220464589811, -0.045766459886199706, 0.23602073478149777]]], [0.17366272254278933, [[2.013114944307607], [0.7530747089044191], [0.18967624958681897], [1.9844333014772357]], [[0.2016158928756253, -0.03547322824318111, -0.01473292946549476, -0.005026123580504027], [-0.03547322824318111, 0.2233585247227221, 0.044637401196222476, 0.0371762907380484], [-0.01473292946549476, 0.044637401196222476, 0.21626429992482857, 0.0479439536307984], [-0.005026123580504027, 0.0371762907380484, 0.0479439536307984, 0.24322927799765415]]], [0.15082592843249623, [[-0.14811660680410846], [-0.062140400945841036], [0.13625938702280607], [-0.06707951527304369]], [[1.0813828816365538, 0.0059812847517918665, -0.13309598118547855, 0.015903057406807353], [0.005981284751791879, 1.0341570229498682, -0.08476348850702531, 0.024722953731094552], [-0.13309598118547855, -0.0847634885070253, 0.9830099563724195, -0.0034022182947569257], [0.015903057406807333, 0.024722953731094552, -0.0034022182947569205, 1.0644125233275663]]], [0.5470860795017749, [[-3.0379955391193625], [-1.9722591311223079], [-4.095056895762329], [-3.032528640414585]], [[3.9540718387915312, -0.22969363855612013, 0.008892913226890897, -0.07489429788904722], [-0.22969363855612102, 4.149279252820506, -0.0426048318687311, -0.1760567454902775], [0.008892913226890897, -0.0426048318687311, 3.621749090635838, -0.03825714946506409], [-0.07489429788904722, -0.1760567454902775, -0.03825714946506409, 3.8006825807837146]]]]